;A308|28.3|1009.27|144.1|
;A309|28.3|1001.71|181.2|
;A310|28.3|997.30|232.9|
;A311|28.3|991.18|316.6|
;A312|28.3|981.34|416.0|
;A313|28.3|969.75|518.4|
;A314|28.3|957.92|615.4|
;A316|28.3|937.10|777.5|
;A318|28.2|922.62|864.8|
;A320|28.0|916.53|893.8|
;A322|27.8|915.56|887.0|
;A323|27.7|916.32|876.1|
;A326|27.1|921.34|821.8|
;A327|26.8|923.57|799.7|
;A328|26.5|926.04|776.3|
;A329|26.4|928.66|752.1|
;A330|26.2|931.37|727.8|
;A331|26.0|934.10|703.2|
;A332|25.7|936.87|678.1|
;A333|25.6|939.71|652.7|
;A334|25.4|942.59|625.4|
;A335|25.1|945.69|599.7|
;A336|24.8|948.61|573.7|
;A338|24.4|954.68|520.9|
;A339|24.2|957.63|494.8|
;A340|24.0|960.64|468.6|
;A341|23.8|963.65|441.6|
;A342|23.7|966.78|413.0|
;A344|23.3|973.35|357.8|
;A345|23.2|976.51|331.5|
;A346|23.0|979.59|305.2|
;A347|22.8|982.67|280.1|
;A348|22.7|985.62|256.1|
;A349|22.5|988.44|231.8|
;A350|22.3|991.31|206.5|